7.34 11.26 -2.34
0.73 0.58
-7.34 11.26 -2.34
0.30 0.58
-7.34 11.26 2.34
0.30 0.44

-7.34 11.26 2.34
0.30 0.44
7.34 11.26 2.34
0.73 0.44
7.34 11.26 -2.34
0.73 0.58

10.48 7.46 -5.48
0.50 0.22
10.48 7.46 5.48
0.34 0.22
10.48 0.00 5.48
0.34 0.11

10.48 0.00 5.48
0.34 0.11
10.48 0.00 -5.48
0.50 0.11
10.48 7.46 -5.48
0.50 0.22

10.48 7.46 -5.48
0.50 0.22
10.48 0.00 -5.48
0.50 0.11
-10.48 0.00 -5.48
0.82 0.11

-10.48 0.00 -5.48
0.82 0.11
-10.48 7.46 -5.48
0.82 0.22
10.48 7.46 -5.48
0.50 0.22

-10.48 7.46 5.48
0.98 0.22
-10.48 7.46 -5.48
0.82 0.22
-10.48 0.00 -5.48
0.82 0.11

-10.48 0.00 -5.48
0.82 0.11
-10.48 0.00 5.48
0.98 0.11
-10.48 7.46 5.48
0.98 0.22

-0.41 1.43 4.89
0.59 0.85
-0.41 1.43 5.48
0.59 0.84
2.37 1.43 5.48
0.67 0.84

2.37 1.43 5.48
0.67 0.84
2.37 1.43 4.89
0.67 0.85
-0.41 1.43 4.89
0.59 0.85

2.37 4.66 5.48
0.76 0.84
2.37 4.66 4.89
0.76 0.85
2.37 1.43 4.89
0.67 0.85

2.37 1.43 4.89
0.67 0.85
2.37 1.43 5.48
0.67 0.84
2.37 4.66 5.48
0.76 0.84

-0.41 4.66 5.48
0.84 0.84
-0.41 4.66 4.89
0.84 0.85
2.37 4.66 4.89
0.76 0.85

2.37 4.66 4.89
0.76 0.85
2.37 4.66 5.48
0.76 0.84
-0.41 4.66 5.48
0.84 0.84

-0.41 4.66 5.48
0.50 0.84
-0.41 1.43 5.48
0.59 0.84
-0.41 1.43 4.89
0.59 0.85

-0.41 1.43 4.89
0.59 0.85
-0.41 4.66 4.89
0.50 0.85
-0.41 4.66 5.48
0.50 0.84

4.45 4.66 4.89
0.75 0.89
7.24 4.66 4.89
0.67 0.89
7.24 4.66 5.48
0.67 0.88

7.24 4.66 5.48
0.67 0.88
4.45 4.66 5.48
0.75 0.88
4.45 4.66 4.89
0.75 0.89

4.45 4.66 5.48
0.75 0.88
4.45 1.43 5.48
0.84 0.88
4.45 1.43 4.89
0.84 0.89

4.45 1.43 4.89
0.84 0.89
4.45 4.66 4.89
0.75 0.89
4.45 4.66 5.48
0.75 0.88

4.45 1.43 5.48
0.50 0.88
7.24 1.43 5.48
0.58 0.88
7.24 1.43 4.89
0.58 0.89

7.24 1.43 4.89
0.58 0.89
4.45 1.43 4.89
0.50 0.89
4.45 1.43 5.48
0.50 0.88 

7.24 1.43 4.89
0.58 0.89
7.24 1.43 5.48
0.58 0.88
7.24 4.66 5.48
0.67 0.88

7.24 4.66 5.48
0.67 0.88
7.24 4.66 4.89
0.67 0.89
7.24 1.43 4.89
0.58 0.89

-3.30 0.18 5.48
0.51 0.94
-3.30 0.18 4.67
0.51 0.96
-8.35 0.18 4.67
0.37 0.96

-8.35 0.18 4.67
0.37 0.96
-8.35 0.18 5.48
0.37 0.94
-3.30 0.18 5.48
0.51 0.94

-3.30 6.03 5.48
0.67 0.94
-3.30 6.03 4.67
0.67 0.96
-3.30 0.18 4.67
0.51 0.96

-3.30 0.18 4.67
0.51 0.96
-3.30 0.18 5.48
0.51 0.94
-3.30 6.03 5.48
0.67 0.94

-8.35 6.03 5.48
0.82 0.94
-8.35 6.03 4.67
0.82 0.96
-3.30 6.03 4.67
0.67 0.96

-3.30 6.03 4.67
0.67 0.96
-3.30 6.03 5.48
0.67 0.94
-8.35 6.03 5.48
0.82 0.94

-8.35 0.18 4.67
0.98 0.96 
-8.35 6.03 4.67
0.82 0.96
-8.35 6.03 5.48
0.82 0.94

-8.35 6.03 5.48
0.82 0.94
-8.35 0.18 5.48
0.98 0.94
-8.35 0.18 4.67
0.98 0.96

-10.48 7.46 5.48
0.03 0.22
-3.30 6.03 5.48
0.13 0.20
4.45 4.66 5.48
0.25 0.18

-10.48 7.46 5.48
0.03 0.22
4.45 4.66 5.48
0.25 0.18
7.24 4.66 5.48
0.29 0.18

10.48 7.46 5.48
0.34 0.22
-10.48 7.46 5.48
0.03 0.22
7.24 4.66 5.48
0.29 0.18

10.48 7.46 5.48
0.34 0.22
7.24 4.66 5.48
0.29 0.18
7.24 1.43 5.48
0.29 0.13

10.48 0.00 5.48
0.34 0.11
10.48 7.46 5.48
0.34 0.22
7.24 1.43 5.48
0.29 0.13

10.48 0.00 5.48
0.34 0.11
7.24 1.43 5.48
0.29 0.13
4.45 1.43 5.48
0.25 0.13

4.45 1.43 5.48
0.25 0.13
4.45 4.66 5.48
0.25 0.18
2.37 4.66 5.48
0.22 0.18

4.45 1.43 5.48
0.25 0.13
2.37 4.66 5.48
0.22 0.18
2.37 1.43 5.48
0.22 0.13

10.48 0.00 5.48
0.34 0.11
4.45 1.43 5.48
0.25 0.13
2.37 1.43 5.48
0.22 0.13

10.48 0.00 5.48
0.34 0.11
2.37 1.43 5.48
0.22 0.13
-0.41 1.43 5.48
0.18 0.13

2.37 4.66 5.48
0.22 0.18
4.45 4.66 5.48
0.25 0.18
-3.30 6.03 5.48
0.13 0.20

-0.41 4.66 5.48
0.18 0.18
2.37 4.66 5.48
0.22 0.18
-3.30 6.03 5.48
0.13 0.20

-0.41 1.43 5.48
0.18 0.13
-0.41 4.66 5.48
0.18 0.18
-3.30 6.03 5.48
0.13 0.20

-0.41 1.43 5.48
0.18 0.13
-3.30 6.03 5.48
0.13 0.20
-3.30 0.18 5.48
0.13 0.12

10.48 0.00 5.48
0.34 0.11
-0.41 1.43 5.48
0.18 0.13
-3.30 0.18 5.48
0.13 0.12

10.48 0.00 5.48
0.34 0.11
-3.30 0.18 5.48
0.13 0.12
-8.35 0.18 5.48
0.06 0.12

-8.35 6.03 5.48
0.06 0.20
-3.30 6.03 5.48
0.13 0.20
-10.48 7.46 5.48
0.03 0.22

-8.35 0.18 5.48
0.06 0.12
-8.35 6.03 5.48
0.06 0.20
-10.48 7.46 5.48
0.03 0.22

-8.35 0.18 5.48
0.06 0.12
-10.48 7.46 5.48
0.03 0.22
-10.48 0.00 5.48
0.03 0.11

10.48 0.00 5.48
0.34 0.11
-8.35 0.18 5.48
0.06 0.12
-10.48 0.00 5.48
0.03 0.11

-10.48 7.46 5.48
0.04 0.97
10.48 7.46 5.48
0.32 0.97
11.70 7.02 6.12
0.34 0.98

11.70 7.02 6.12
0.34 0.98
-11.70 7.02 6.12
0.03 0.98
-10.48 7.46 5.48
0.04 0.97

10.48 7.46 5.48
0.32 0.97
10.48 7.46 -5.48
0.32 0.82
11.70 7.02 -6.12
0.34 0.81

11.70 7.02 -6.12
0.34 0.81
11.70 7.02 6.12
0.34 0.98
10.48 7.46 5.48
0.32 0.97

10.48 7.46 -5.48
0.32 0.82
-10.48 7.46 -5.48
0.04 0.82
-11.70 7.02 -6.12
0.03 0.81

-11.70 7.02 -6.12
0.03 0.81
11.70 7.02 -6.12
0.34 0.81
10.48 7.46 -5.48
0.32 0.82

-10.48 7.46 -5.48
0.04 0.82
-10.48 7.46 5.48
0.04 0.97
-11.70 7.02 6.12
0.03 0.98

-11.70 7.02 6.12
0.03 0.98
-11.70 7.02 -6.12
0.03 0.81
-10.48 7.46 -5.48
0.04 0.82

-11.70 7.02 6.12
0.17 0.32
11.70 7.02 6.12
0.86 0.32
7.34 11.26 2.34
0.73 0.44

7.34 11.26 2.34
0.73 0.44
-7.34 11.26 2.34
0.30 0.44
-11.70 7.02 6.12
0.17 0.32

11.70 7.02 6.12
0.86 0.32
11.70 7.02 -6.12
0.86 0.70
7.34 11.26 -2.34  
0.73 0.58

7.34 11.26 -2.34  
0.73 0.58
7.34 11.26 2.34
0.73 0.44
11.70 7.02 6.12
0.86 0.32

11.70 7.02 -6.12
0.86 0.70
-11.70 7.02 -6.12
0.17 0.70
-7.34 11.26 -2.34
0.30 0.58

-7.34 11.26 -2.34
0.30 0.58
7.34 11.26 -2.34
0.73 0.58
11.70 7.02 -6.12
0.86 0.70

-11.70 7.02 -6.12
0.17 0.70
-11.70 7.02 6.12
0.17 0.32
-7.34 11.26 2.34
0.30 0.44

-7.34 11.26 2.34
0.30 0.44
-7.34 11.26 -2.34
0.30 0.58
-11.70 7.02 -6.12
0.17 0.70




