vt 0.73 0.58  1
vt 0.30 0.58  2
vt 0.30 0.44  3
vt 0.73 0.44  4
vt 0.50 0.22  5
vt 0.34 0.22  6
vt 0.34 0.11  7
vt 0.50 0.11  8
vt 0.82 0.11  9
vt 0.82 0.22  10
vt 0.98 0.22  11
vt 0.98 0.11  12
vt 0.59 0.85  13
vt 0.59 0.84  14
vt 0.67 0.84  15
vt 0.67 0.85  16
vt 0.76 0.84  17
vt 0.76 0.85  18
vt 0.84 0.84  19
vt 0.84 0.85  20
vt 0.50 0.84  21
vt 0.50 0.85  22
vt 0.75 0.89  23
vt 0.67 0.89  24
vt 0.67 0.88  25
vt 0.75 0.88  26
vt 0.84 0.88  27
vt 0.84 0.89  28
vt 0.50 0.88  29
vt 0.58 0.88  30
vt 0.58 0.89  31
vt 0.50 0.89  32
vt 0.51 0.94  33
vt 0.51 0.96  34
vt 0.37 0.96  35
vt 0.37 0.94  36
vt 0.67 0.94  37
vt 0.67 0.96  38
vt 0.82 0.94  39
vt 0.82 0.96  40
vt 0.98 0.96  41
vt 0.98 0.94  42
vt 0.03 0.22  43
vt 0.13 0.20  44
vt 0.25 0.18  45
vt 0.29 0.18  46
vt 0.29 0.13  47
vt 0.25 0.13  48
vt 0.22 0.18  49
vt 0.22 0.13  50
vt 0.18 0.13  51
vt 0.18 0.18  52
vt 0.13 0.12  53
vt 0.06 0.12  54
vt 0.06 0.20  55
vt 0.03 0.11  56
vt 0.04 0.97  57
vt 0.32 0.97  58
vt 0.34 0.98  59
vt 0.03 0.98  60
vt 0.32 0.82  61
vt 0.34 0.81  62
vt 0.04 0.82  63
vt 0.03 0.81  64
vt 0.17 0.32  65
vt 0.86 0.32  66
vt 0.86 0.70  67
vt 0.17 0.70  68
# 68 texture coords