v  7.34 11.26 -2.34     1
v  -7.34 11.26 -2.34	2
v  -7.34 11.26 2.34	3
v  7.34 11.26 2.34	4
v  10.48 7.46 -5.48	5
v  10.48 7.46 5.48	6
v  10.48 0.00 5.48	7
v  10.48 0.00 -5.48	8
v  -10.48 0.00 -5.48	9
v  -10.48 7.46 -5.48	10
v  -10.48 7.46 5.48	11
v  -10.48 0.00 5.48	12
v  -0.41 1.43 4.89	13
v  -0.41 1.43 5.48	14
v  2.37 1.43 5.48	15
v  2.37 1.43 4.89	16
v  2.37 4.66 5.48	17
v  2.37 4.66 4.89	18
v  -0.41 4.66 5.48	19
v  -0.41 4.66 4.89	20
v  4.45 4.66 4.89	21
v  7.24 4.66 4.89	22
v  7.24 4.66 5.48	23
v  4.45 4.66 5.48	24
v  4.45 1.43 5.48	25
v  4.45 1.43 4.89	26
v  7.24 1.43 5.48	27
v  7.24 1.43 4.89	28
v  -3.30 0.18 5.48	29
v  -3.30 0.18 4.67	30
v  -8.35 0.18 4.67	31
v  -8.35 0.18 5.48	32
v  -3.30 6.03 5.48	33
v  -3.30 6.03 4.67	34
v  -8.35 6.03 5.48	35
v  -8.35 6.03 4.67	36
v  11.70 7.02 6.12	37
v  -11.70 7.02 6.12	38
v  11.70 7.02 -6.12	39
v  -11.70 7.02 -6.12	40
# 40 vertices